590.280151 -408.254608 0.031250 0.000000 168.616683 0.000000
82.857406 -230.840820 48.031250 0.000000 67.082534 0.000000
246.783584 188.230438 56.031250 0.000000 91.249465 0.000000
-203.007064 696.558837 56.031250 0.000000 -5.108704 0.000000
-520.944763 880.349121 48.031250 0.000000 11.721597 0.000000
-515.483032 1375.869750 48.031250 0.000000 -43.322406 0.000000
-454.062194 1995.968750 0.031250 0.000000 -80.467292 0.000000
-318.605407 1361.930908 -99.968750 0.000000 67.183433 0.000000
141.315002 1529.794433 -99.968742 0.000000 -106.931869 0.000000
192.622161 667.242492 -99.968742 0.000000 116.707344 0.000000
-184.712188 -114.496551 -99.968742 0.000000 65.808105 0.000000
-225.792083 -251.724182 -99.968742 0.000000 65.809776 0.000000
-594.807373 334.246093 48.031250 0.000000 -47.481666 0.000000
-350.330078 1843.447631 48.031250 0.000000 -66.727058 0.000000
977.921630 1951.141723 48.031250 0.000000 -112.421562 0.000000
1368.408813 1890.603759 48.031250 0.000000 -136.815246 0.000000
1784.351196 1874.345336 56.031250 0.000000 -151.308883 0.000000
1861.833007 1327.970825 56.031250 0.000000 170.453811 0.000000
1644.046386 924.883911 56.031250 0.000000 144.301742 0.000000
